%YAML:1.0
---
image_width: 1280
image_height: 720
camera_matrix: !!opencv-matrix
   rows: 3
   cols: 3
   dt: d
   data: [ 7.5798338873886746e+02, 0., 6.4696088717516545e+02, 0.,
       7.5931163263434507e+02, 3.7671345451054776e+02, 0., 0., 1. ]
distortion_coefficients: !!opencv-matrix
   rows: 1
   cols: 5
   dt: d
   data: [ 8.9675319658745395e-02, -2.3457139288421699e-01,
       -9.2747306186734475e-04, -1.0357322074485858e-03,
       1.1186771470838566e-01 ]
avg_reprojection_error: 2.5768297442953436e-01
