%YAML:1.0
---
image_width: 1280
image_height: 720
camera_matrix: !!opencv-matrix
   rows: 3
   cols: 3
   dt: d
   data: [ 7.6918600333240499e+02, 0., 6.4235400141742628e+02, 0.,
       7.7096866172359978e+02, 3.4927861742105483e+02, 0., 0., 1. ]
distortion_coefficients: !!opencv-matrix
   rows: 1
   cols: 5
   dt: d
   data: [ 8.3573119041432178e-02, -1.9632936710465229e-01,
       -2.5982911471258792e-03, -1.1244052359850995e-03,
       4.7970377510037861e-02 ]
avg_reprojection_error: 2.1891515624555641e-01
